3.427279368042945862e-02 2.671861462295055389e-02
2.387640438973903656e-02 1.995748654007911682e-02
1.865758746862411499e-02 1.868828944861888885e-02
1.645933464169502258e-02 1.475351769477128983e-02
1.442218665033578873e-02 1.360818650573492050e-02
1.355024334043264389e-02 1.316142920404672623e-02
1.324449386447668076e-02 1.292618084698915482e-02
1.317542325705289841e-02 1.302694343030452728e-02
1.283549331128597260e-02 1.278676930814981461e-02
1.273132115602493286e-02 1.262346096336841583e-02
1.262102648615837097e-02 1.260816026479005814e-02
1.258238032460212708e-02 1.255966722965240479e-02
1.255932822823524475e-02 1.253605540841817856e-02
1.254085823893547058e-02 1.253935415297746658e-02
1.254773139953613281e-02 1.252197660505771637e-02
1.253689359873533249e-02 1.258481666445732117e-02
1.253118459135293961e-02 1.257443428039550781e-02
1.257738657295703888e-02 1.250904984772205353e-02
1.255240105092525482e-02 1.249597128480672836e-02
1.255749538540840149e-02 1.260304823517799377e-02
1.254199724644422531e-02 1.258896477520465851e-02
1.250325236469507217e-02 1.257708575576543808e-02
1.250942051410675049e-02 1.245867647230625153e-02
1.255726255476474762e-02 1.290493085980415344e-02
1.263568457216024399e-02 1.258337218314409256e-02
1.252655964344739914e-02 1.286595966666936874e-02
1.320679392665624619e-02 1.278374716639518738e-02
1.294337958097457886e-02 1.262606866657733917e-02
1.238288637250661850e-02 1.206838246434926987e-02
1.196080166846513748e-02 1.200229022651910782e-02
1.200804207473993301e-02 1.195268146693706512e-02
1.180930715054273605e-02 1.164742000401020050e-02
1.163712795823812485e-02 1.156717818230390549e-02
1.158997602760791779e-02 1.230587251484394073e-02
1.186564937233924866e-02 1.159283611923456192e-02
1.163531653583049774e-02 1.156511716544628143e-02
1.151965744793415070e-02 1.149908639490604401e-02
1.159930229187011719e-02 1.191974245011806488e-02
1.166328229010105133e-02 1.154422294348478317e-02
1.147506292909383774e-02 1.140198856592178345e-02
1.138036977499723434e-02 1.136331446468830109e-02
1.133160479366779327e-02 1.134449616074562073e-02
1.134441699832677841e-02 1.132201123982667923e-02
1.132574211806058884e-02 1.137768104672431946e-02
1.135236117988824844e-02 1.139549817889928818e-02
1.131756883114576340e-02 1.134901493787765503e-02
1.131383143365383148e-02 1.126268599182367325e-02
1.129775494337081909e-02 1.136810332536697388e-02
1.127082761377096176e-02 1.124338991940021515e-02
1.130468305200338364e-02 1.121978648006916046e-02
1.126106455922126770e-02 1.124472450464963913e-02
1.125185098499059677e-02 1.119072362780570984e-02
1.123229973018169403e-02 1.122770551592111588e-02
1.122819446027278900e-02 1.117101497948169708e-02
1.121074147522449493e-02 1.116466242820024490e-02
1.122644729912281036e-02 1.115159783512353897e-02
1.116411015391349792e-02 1.114160288125276566e-02
1.119915302842855453e-02 1.123994309455156326e-02
1.123808510601520538e-02 1.128524448722600937e-02
1.120540499687194824e-02 1.114707160741090775e-02
1.115300506353378296e-02 1.116422098129987717e-02
1.115639135241508484e-02 1.130830217152833939e-02
1.119831204414367676e-02 1.114568766206502914e-02
1.116211526095867157e-02 1.115833967924118042e-02
1.115013659000396729e-02 1.112753152847290039e-02
1.109893526881933212e-02 1.108537148684263229e-02
1.113466266542673111e-02 1.114356797188520432e-02
1.110202632844448090e-02 1.120992284268140793e-02
1.113027520477771759e-02 1.120410673320293427e-02
1.111654564738273621e-02 1.108592189848423004e-02
1.110321749001741409e-02 1.110388524830341339e-02
1.111535262316465378e-02 1.107042841613292694e-02
1.107081491500139236e-02 1.107919681817293167e-02
1.113403216004371643e-02 1.118782628327608109e-02
1.111282408237457275e-02 1.115573104470968246e-02
1.108855288475751877e-02 1.112746447324752808e-02
1.108854357153177261e-02 1.105687022209167480e-02
1.109158247709274292e-02 1.116519235074520111e-02
1.108526438474655151e-02 1.109518948942422867e-02
1.105694845318794250e-02 1.116009801626205444e-02
1.113352738320827484e-02 1.114740502089262009e-02
1.110158395022153854e-02 1.105193700641393661e-02
1.106830872595310211e-02 1.104731019586324692e-02
1.106128375977277756e-02 1.115644909441471100e-02
1.107630971819162369e-02 1.108357310295104980e-02
1.103388145565986633e-02 1.106869429349899292e-02
1.107508689165115356e-02 1.111081894487142563e-02
1.108424365520477295e-02 1.108098775148391724e-02
1.105624716728925705e-02 1.105467882007360458e-02
1.103686727583408356e-02 1.105480734258890152e-02
1.109775528311729431e-02 1.105230394750833511e-02
1.109407469630241394e-02 1.105718221515417099e-02
1.107420399785041809e-02 1.106575969606637955e-02
1.103747356683015823e-02 1.108365971595048904e-02
1.109658740460872650e-02 1.105083525180816650e-02
1.106929127126932144e-02 1.111795008182525635e-02
1.105504576116800308e-02 1.106398273259401321e-02
1.108913496136665344e-02 1.103993039578199387e-02
1.106177270412445068e-02 1.105219870805740356e-02
1.105324644595384598e-02 1.104640401899814606e-02
1.103123743087053299e-02 1.117764599621295929e-02
1.110539864748716354e-02 1.104393042623996735e-02
1.104575674980878830e-02 1.108900643885135651e-02
1.102079171687364578e-02 1.109340228140354156e-02
1.104032713919878006e-02 1.111451257020235062e-02
1.107186451554298401e-02 1.113505009561777115e-02
1.103795878589153290e-02 1.106952503323554993e-02
1.103670615702867508e-02 1.105509418994188309e-02
1.104020979255437851e-02 1.105415821075439453e-02
1.100862119346857071e-02 1.113645825535058975e-02
1.108955405652523041e-02 1.114114467054605484e-02
1.103591825813055038e-02 1.107397861778736115e-02
1.104812975972890854e-02 1.104445196688175201e-02
1.102144829928874969e-02 1.107882615178823471e-02
1.107151713222265244e-02 1.105176750570535660e-02
1.102133374661207199e-02 1.105169765651226044e-02
1.103317830711603165e-02 1.104138698428869247e-02
1.102089416235685349e-02 1.103589963167905807e-02
1.102609466761350632e-02 1.103374641388654709e-02
1.101155672222375870e-02 1.099517382681369781e-02
1.097374409437179565e-02 1.109123975038528442e-02
1.107537467032670975e-02 1.112105138599872589e-02
1.109675318002700806e-02 1.111741550266742706e-02
1.109544187784194946e-02 1.112590730190277100e-02
1.104142609983682632e-02 1.111632492393255234e-02
1.116614509373903275e-02 1.109245512634515762e-02
1.106668263673782349e-02 1.114668417721986771e-02
1.109354477375745773e-02 1.107687037438154221e-02
1.107710134238004684e-02 1.110760215669870377e-02
1.102106459438800812e-02 1.100999116897583008e-02
1.100401394069194794e-02 1.101580820977687836e-02
1.097780186682939529e-02 1.099895033985376358e-02
1.103448215872049332e-02 1.116452459245920181e-02
1.107648015022277832e-02 1.119792833924293518e-02
1.109237130731344223e-02 1.107064634561538696e-02
1.108395960181951523e-02 1.102147903293371201e-02
1.101241912692785263e-02 1.100015081465244293e-02
1.097886823117733002e-02 1.100306212902069092e-02
1.097006537020206451e-02 1.099324040114879608e-02
1.106049120426177979e-02 1.115125138312578201e-02
1.106765028089284897e-02 1.111155003309249878e-02
1.102648582309484482e-02 1.101516839116811752e-02
1.097303815186023712e-02 1.097712013870477676e-02
1.096607092767953873e-02 1.099613495171070099e-02
1.096723694354295731e-02 1.097393780946731567e-02
1.099881436675786972e-02 1.103431265801191330e-02
1.098275091499090195e-02 1.097114011645317078e-02
1.098684594035148621e-02 1.100819278508424759e-02
1.097826752811670303e-02 1.105508022010326385e-02
1.115475967526435852e-02 1.115648169070482254e-02
1.103167142719030380e-02 1.103174686431884766e-02
1.099959481507539749e-02 1.100683957338333130e-02
1.096596010029315948e-02 1.098082866519689560e-02
1.096198521554470062e-02 1.105483528226613998e-02
1.100903563201427460e-02 1.103580184280872345e-02
1.095404196530580521e-02 1.100067980587482452e-02
1.096658967435359955e-02 1.098151598125696182e-02
1.093991193920373917e-02 1.098038349300622940e-02
1.096708979457616806e-02 1.105014141649007797e-02
1.096479594707489014e-02 1.112029701471328735e-02
1.097941305488348007e-02 1.106475573033094406e-02
1.097339671105146408e-02 1.096462551504373550e-02
1.092997565865516663e-02 1.097039971500635147e-02
1.094274129718542099e-02 1.094096712768077850e-02
1.093018893152475357e-02 1.095679122954607010e-02
1.095804106444120407e-02 1.125224493443965912e-02
1.114583667367696762e-02 1.106570567935705185e-02
1.104308664798736572e-02 1.130512636154890060e-02
1.109191309660673141e-02 1.101679820567369461e-02
1.097982004284858704e-02 1.099008508026599884e-02
1.094618532806634903e-02 1.094741839915513992e-02
1.091265957802534103e-02 1.094550453126430511e-02
1.116101536899805069e-02 1.172150671482086182e-02
1.135688647627830505e-02 1.155540533363819122e-02
1.137523259967565536e-02 1.135938987135887146e-02
1.124981604516506195e-02 1.119683124125003815e-02
1.103825401514768600e-02 1.096279267221689224e-02
1.092555187642574310e-02 1.092800684273242950e-02
1.099703460931777954e-02 1.095969416201114655e-02
1.090080104768276215e-02 1.089602801948785782e-02
1.090834103524684906e-02 1.095162704586982727e-02
1.088040042668581009e-02 1.094095408916473389e-02
1.086676679551601410e-02 1.082875486463308334e-02
1.092990022152662277e-02 1.088988501578569412e-02
1.086289808154106140e-02 1.080349273979663849e-02
1.077096536755561829e-02 1.079157367348670959e-02
1.088556647300720215e-02 1.101175136864185333e-02
1.085878815501928329e-02 1.080891489982604980e-02
1.075470261275768280e-02 1.071754936128854752e-02
1.068597938865423203e-02 1.070472225546836853e-02
1.071978919208049774e-02 1.068132836371660233e-02
1.069214381277561188e-02 1.084640063345432281e-02
1.076522655785083771e-02 1.072299014776945114e-02
1.066318713128566742e-02 1.067309174686670303e-02
1.062470115721225739e-02 1.067160721868276596e-02
1.066113077104091644e-02 1.067283190786838531e-02
1.066745631396770477e-02 1.066082343459129333e-02
1.061703357845544815e-02 1.062419265508651733e-02
1.060551684349775314e-02 1.079698745161294937e-02
1.075843442231416702e-02 1.073177903890609741e-02
1.063499692827463150e-02 1.059061475098133087e-02
1.062825880944728851e-02 1.061158627271652222e-02
1.057322882115840912e-02 1.055627781897783279e-02
1.058013085275888443e-02 1.058597769588232040e-02
1.054687052965164185e-02 1.052925456315279007e-02
1.058060582727193832e-02 1.072129979729652405e-02
1.060119923204183578e-02 1.054433081299066544e-02
1.053359918296337128e-02 1.062406599521636963e-02
1.066213380545377731e-02 1.057523395866155624e-02
1.055890787392854691e-02 1.055447570979595184e-02
1.054872665554285049e-02 1.062554400414228439e-02
1.055858004838228226e-02 1.053354982286691666e-02
1.050105132162570953e-02 1.058011595159769058e-02
1.067062746733427048e-02 1.062271278351545334e-02
1.056432630866765976e-02 1.052987016737461090e-02
1.050028577446937561e-02 1.056580524891614914e-02
1.048931386321783066e-02 1.047405786812305450e-02
1.047851331532001495e-02 1.054305490106344223e-02
1.050308439880609512e-02 1.046509109437465668e-02
1.045693270862102509e-02 1.047175005078315735e-02
1.043045241385698318e-02 1.047947630286216736e-02
1.047199591994285583e-02 1.045816950500011444e-02
1.045172102749347687e-02 1.062366459518671036e-02
1.047482155263423920e-02 1.051776111125946045e-02
1.044622249901294708e-02 1.045918557792901993e-02
1.042188704013824463e-02 1.042668521404266357e-02
1.041873916983604431e-02 1.044096052646636963e-02
1.047643832862377167e-02 1.049193553626537323e-02
1.045589242130517960e-02 1.043045427650213242e-02
1.041887607425451279e-02 1.043656654655933380e-02
1.041503157466650009e-02 1.055360492318868637e-02
1.043515000492334366e-02 1.044155284762382507e-02
1.040011551231145859e-02 1.041391491889953613e-02
1.040954515337944031e-02 1.054772268980741501e-02
1.042846310883760452e-02 1.040735282003879547e-02
1.039666309952735901e-02 1.046451181173324585e-02
1.043316815048456192e-02 1.042174920439720154e-02
1.040064729750156403e-02 1.041604578495025635e-02
1.042023673653602600e-02 1.044085249304771423e-02
1.039278693497180939e-02 1.039698161184787750e-02
1.036932040005922318e-02 1.039348915219306946e-02
1.044305693358182907e-02 1.041337288916110992e-02
1.045330800116062164e-02 1.039381697773933411e-02
1.039977371692657471e-02 1.042382977902889252e-02
1.038023177534341812e-02 1.039620861411094666e-02
1.040433254092931747e-02 1.039167027920484543e-02
1.037239190191030502e-02 1.038733776658773422e-02
1.037293300032615662e-02 1.036942377686500549e-02
1.036124397069215775e-02 1.042963750660419464e-02
1.039669290184974670e-02 1.039211265742778778e-02
1.037419866770505905e-02 1.039333827793598175e-02
1.035944744944572449e-02 1.037780847400426865e-02
1.042367424815893173e-02 1.037172693759202957e-02
1.037399563938379288e-02 1.037707645446062088e-02
1.036264281719923019e-02 1.036213152110576630e-02
1.035121548920869827e-02 1.039352454245090485e-02
1.038650143891572952e-02 1.038166973739862442e-02
1.034853979945182800e-02 1.037778239697217941e-02
1.034399308264255524e-02 1.038293447345495224e-02
1.042073033750057220e-02 1.047477312386035919e-02
1.040094532072544098e-02 1.040186733007431030e-02
1.037078723311424255e-02 1.041338220238685608e-02
1.036482118070125580e-02 1.039437297731637955e-02
1.034377794712781906e-02 1.037248130887746811e-02
1.040499191731214523e-02 1.044266670942306519e-02
1.039584446698427200e-02 1.038025598973035812e-02
1.034675445407629013e-02 1.036627404391765594e-02
1.033444702625274658e-02 1.038265228271484375e-02
1.036297529935836792e-02 1.035348605364561081e-02
1.032442878931760788e-02 1.034304033964872360e-02
1.031565200537443161e-02 1.035791262984275818e-02
1.035832706838846207e-02 1.047168672084808350e-02
1.039276923984289169e-02 1.039747148752212524e-02
1.036046352237462997e-02 1.037058420479297638e-02
1.032862532883882523e-02 1.034568250179290771e-02
1.035698596388101578e-02 1.043083984404802322e-02
1.035733241587877274e-02 1.036683190613985062e-02
1.035832706838846207e-02 1.034642755985260010e-02
1.034581568092107773e-02 1.036833692342042923e-02
1.034309808164834976e-02 1.035134494304656982e-02
1.032401155680418015e-02 1.035829260945320129e-02
1.033801119774580002e-02 1.042887475341558456e-02
1.036064513027667999e-02 1.041577849537134171e-02
1.035087928175926208e-02 1.035275682806968689e-02
1.032060012221336365e-02 1.035667397081851959e-02
1.034424360841512680e-02 1.035162713378667831e-02
1.032852195203304291e-02 1.036617346107959747e-02
1.032777968794107437e-02 1.039949338883161545e-02
1.037164684385061264e-02 1.036036945879459381e-02
1.034903246909379959e-02 1.038662157952785492e-02
1.034571509808301926e-02 1.036802120506763458e-02
1.034734584391117096e-02 1.037745177745819092e-02
1.032601855695247650e-02 1.035617385059595108e-02
1.030957791954278946e-02 1.034122984856367111e-02
1.036726497113704681e-02 1.035187393426895142e-02
1.034341938793659210e-02 1.035817805677652359e-02
1.032992172986268997e-02 1.035468745976686478e-02
1.031449995934963226e-02 1.032679248601198196e-02
1.032190769910812378e-02 1.041471492499113083e-02
1.037276443094015121e-02 1.042055618017911911e-02
1.035857945680618286e-02 1.036485563963651657e-02
1.032041106373071671e-02 1.034877356141805649e-02
1.030333526432514191e-02 1.033512409776449203e-02
1.031679008156061172e-02 1.036987733095884323e-02
1.031139306724071503e-02 1.032418664544820786e-02
1.029268559068441391e-02 1.032654102891683578e-02
1.031472254544496536e-02 1.050986722111701965e-02
1.038699783384799957e-02 1.035080011934041977e-02
1.032137777656316757e-02 1.034142263233661652e-02
1.030695624649524689e-02 1.035020500421524048e-02
1.030828710645437241e-02 1.031604316085577011e-02
1.032218988984823227e-02 1.037807203829288483e-02
1.031807716935873032e-02 1.038893591612577438e-02
1.033805310726165771e-02 1.032826211303472519e-02
1.030242070555686951e-02 1.035133283585309982e-02
1.032321248203516006e-02 1.032325252890586853e-02
1.029743254184722900e-02 1.099314447492361069e-02
1.170936040580272675e-02 1.093827560544013977e-02
1.082706172019243240e-02 1.076344028115272522e-02
1.077438332140445709e-02 1.054815575480461121e-02
1.068203151226043701e-02 1.065794099122285843e-02
1.051029656082391739e-02 1.044652052223682404e-02
1.040385570377111435e-02 1.039818953722715378e-02
1.035357452929019928e-02 1.034963317215442657e-02
1.032703835517168045e-02 1.035605743527412415e-02
1.036778930574655533e-02 1.034832652658224106e-02
1.035490073263645172e-02 1.037148572504520416e-02
1.034417748451232910e-02 1.033311523497104645e-02
1.031712908297777176e-02 1.035962998867034912e-02
1.034311298280954361e-02 1.032085996121168137e-02
1.030942052602767944e-02 1.037012133747339249e-02
1.033063791692256927e-02 1.031402871012687683e-02
1.029351633042097092e-02 1.032341551035642624e-02
1.031207572668790817e-02 1.035437267273664474e-02
1.030844822525978088e-02 1.032833755016326904e-02
1.032361108809709549e-02 1.035752054303884506e-02
1.030757743865251541e-02 1.031894050538539886e-02
1.030684821307659149e-02 1.036885473877191544e-02
1.032256986945867538e-02 1.033392455428838730e-02
1.035212818533182144e-02 1.031943596899509430e-02
1.033014990389347076e-02 1.032552216202020645e-02
1.030575204640626907e-02 1.032714545726776123e-02
1.029530260711908340e-02 1.030974555760622025e-02
1.029945164918899536e-02 1.033947058022022247e-02
1.041502598673105240e-02 1.034184079617261887e-02
1.033061370253562927e-02 1.033440977334976196e-02
1.030020881444215775e-02 1.031641289591789246e-02
1.028979755938053131e-02 1.031822431832551956e-02
1.029769331216812134e-02 1.032254565507173538e-02
1.030230708420276642e-02 1.028758380562067032e-02
