3.523710370063781738e-02 2.887987904250621796e-02
2.760175429284572601e-02 2.653548680245876312e-02
2.592613548040390015e-02 2.547123096883296967e-02
2.474953606724739075e-02 2.313766255974769592e-02
2.127333357930183411e-02 1.961804740130901337e-02
1.910086534917354584e-02 1.853430829942226410e-02
1.826614327728748322e-02 1.821850426495075226e-02
1.797507517039775848e-02 1.803632080554962158e-02
1.787126995623111725e-02 1.789501681923866272e-02
1.781611330807209015e-02 1.785670220851898193e-02
1.776403747498989105e-02 1.780640892684459686e-02
1.770149730145931244e-02 1.778095960617065430e-02
1.771944947540760040e-02 1.783772557973861694e-02
1.768678985536098480e-02 1.776053942739963531e-02
1.767970435321331024e-02 1.774343661963939667e-02
1.764633134007453918e-02 1.772040501236915588e-02
1.764952018857002258e-02 1.775330677628517151e-02
1.764326728880405426e-02 1.775817573070526123e-02
1.761390455067157745e-02 1.777220703661441803e-02
1.760075986385345459e-02 1.769318804144859314e-02
1.764636859297752380e-02 1.783025264739990234e-02
1.761624217033386230e-02 1.770109124481678009e-02
1.759079843759536743e-02 1.773130521178245544e-02
1.760233938694000244e-02 1.774827204644680023e-02
1.758292876183986664e-02 1.766955852508544922e-02
1.763963513076305389e-02 1.777353137731552124e-02
1.758340559899806976e-02 1.769389770925045013e-02
1.756748557090759277e-02 1.765166968107223511e-02
1.762052625417709351e-02 1.764757186174392700e-02
1.758391223847866058e-02 1.764656044542789459e-02
1.754669286310672760e-02 1.763645559549331665e-02
1.758965663611888885e-02 1.768559217453002930e-02
1.755600608885288239e-02 1.774623990058898926e-02
1.758117973804473877e-02 1.771579310297966003e-02
1.753801479935646057e-02 1.765207014977931976e-02
1.762655377388000488e-02 1.765499450266361237e-02
1.755831018090248108e-02 1.767408102750778198e-02
1.769558154046535492e-02 1.904913596808910370e-02
1.847625523805618286e-02 1.823738776147365570e-02
1.773682795464992523e-02 1.774826645851135254e-02
1.752107217907905579e-02 1.755042374134063721e-02
1.739395409822463989e-02 1.734720915555953979e-02
1.766692660748958588e-02 1.749803312122821808e-02
1.721154712140560150e-02 1.729338988661766052e-02
1.674850098788738251e-02 1.652217470109462738e-02
1.647634059190750122e-02 1.695396192371845245e-02
1.660951785743236542e-02 1.629703678190708160e-02
1.605672761797904968e-02 1.609445922076702118e-02
1.599485427141189575e-02 1.589255221188068390e-02
1.588692888617515564e-02 1.602588593959808350e-02
1.583961956202983856e-02 1.577244512736797333e-02
1.570850238204002380e-02 1.591090112924575806e-02
1.577598042786121368e-02 1.574338786303997040e-02
1.570768654346466064e-02 1.582124270498752594e-02
1.561256777495145798e-02 1.565257087349891663e-02
1.575008220970630646e-02 1.563598401844501495e-02
1.553428918123245239e-02 1.562230009585618973e-02
1.553665474057197571e-02 1.620959490537643433e-02
1.568951457738876343e-02 1.555673871189355850e-02
1.548047456890344620e-02 1.548195816576480865e-02
1.548106223344802856e-02 1.545801293104887009e-02
1.544891018420457840e-02 1.549292448908090591e-02
1.545864250510931015e-02 1.581436023116111755e-02
1.565109938383102417e-02 1.558399014174938202e-02
1.570152118802070618e-02 1.545145176351070404e-02
1.540139969438314438e-02 1.565420255064964294e-02
1.547318045049905777e-02 1.540638040751218796e-02
1.537374593317508698e-02 1.537969894707202911e-02
1.538303121924400330e-02 1.569818146526813507e-02
1.544872205704450607e-02 1.538889668881893158e-02
1.527576707303524017e-02 1.535382494330406189e-02
1.524547394365072250e-02 1.518313679844141006e-02
1.523428782820701599e-02 1.519701071083545685e-02
1.516145560890436172e-02 1.518418081104755402e-02
1.522250473499298096e-02 1.530211511999368668e-02
1.512819156050682068e-02 1.515849493443965912e-02
1.513894833624362946e-02 1.525760255753993988e-02
1.509673520922660828e-02 1.518448069691658020e-02
1.509201992303133011e-02 1.514453627169132233e-02
1.504866033792495728e-02 1.505867298692464828e-02
1.501528732478618622e-02 1.504558511078357697e-02
1.500759832561016083e-02 1.500874385237693787e-02
1.501869037747383118e-02 1.500268001109361649e-02
1.499287039041519165e-02 1.499209739267826080e-02
1.495250128209590912e-02 1.503151562064886093e-02
1.502514164894819260e-02 1.500989869236946106e-02
1.503028161823749542e-02 1.497455220669507980e-02
1.495537068694829941e-02 1.504074223339557648e-02
1.498914044350385666e-02 1.495848596096038818e-02
1.492796093225479126e-02 1.496878080070018768e-02
1.494687050580978394e-02 1.502169109880924225e-02
1.492904964834451675e-02 1.494688168168067932e-02
1.494208071380853653e-02 1.503614708781242371e-02
1.493664551526308060e-02 1.499675121158361435e-02
1.493583526462316513e-02 1.496031694114208221e-02
1.491761393845081329e-02 1.496774516999721527e-02
1.491902861744165421e-02 1.493546739220619202e-02
1.492852345108985901e-02 1.492677070200443268e-02
1.490594539791345596e-02 1.493926066905260086e-02
1.488644629716873169e-02 1.492615509778261185e-02
1.494043320417404175e-02 1.499035116285085678e-02
1.488882955163717270e-02 1.494491379708051682e-02
1.487073954194784164e-02 1.494540646672248840e-02
1.496748626232147217e-02 1.493516750633716583e-02
1.487154047936201096e-02 1.497662346810102463e-02
1.492689084261655807e-02 1.490659173578023911e-02
1.486092060804367065e-02 1.488817203789949417e-02
1.489972695708274841e-02 1.496888231486082077e-02
1.490655262023210526e-02 1.493495423346757889e-02
1.487352978438138962e-02 1.489147543907165527e-02
1.487035956233739853e-02 1.493808999657630920e-02
1.491069793701171875e-02 1.488357596099376678e-02
1.486656069755554199e-02 1.490884460508823395e-02
1.485511753708124161e-02 1.487925555557012558e-02
1.482297107577323914e-02 1.509516593068838120e-02
1.500107906758785248e-02 1.499133370816707611e-02
1.486984267830848694e-02 1.485988963395357132e-02
1.487385667860507965e-02 1.494945306330919266e-02
1.482965890318155289e-02 1.485117897391319275e-02
1.487164851278066635e-02 1.489487383514642715e-02
1.481291092932224274e-02 1.484132837504148483e-02
1.480611972510814667e-02 1.485780254006385803e-02
1.480679586529731750e-02 1.484225783497095108e-02
1.480377186089754105e-02 1.496788300573825836e-02
1.484569534659385681e-02 1.483122911304235458e-02
1.479591988027095795e-02 1.497836876660585403e-02
1.481661014258861542e-02 1.485678832978010178e-02
1.478043291717767715e-02 1.483453437685966492e-02
1.477277837693691254e-02 1.488448772579431534e-02
1.479758601635694504e-02 1.483940798789262772e-02
1.474161446094512939e-02 1.480523962527513504e-02
1.481020543724298477e-02 1.481898874044418335e-02
1.475415658205747604e-02 1.489780563861131668e-02
1.476477272808551788e-02 1.480100210756063461e-02
1.476096455007791519e-02 1.481418963521718979e-02
1.475555822253227234e-02 1.486417278647422791e-02
1.471981778740882874e-02 1.477852463722229004e-02
1.477153133600950241e-02 1.491530425846576691e-02
1.473798602819442749e-02 1.480464451014995575e-02
1.471848040819168091e-02 1.477548480033874512e-02
1.475458219647407532e-02 1.479162648320198059e-02
1.472599525004625320e-02 1.478477939963340759e-02
1.467878092080354691e-02 1.480147801339626312e-02
1.476229541003704071e-02 1.473099179565906525e-02
1.467479392886161804e-02 1.476284489035606384e-02
1.475938037037849426e-02 1.478022616356611252e-02
1.466058660298585892e-02 1.466824114322662354e-02
1.475189067423343658e-02 1.476992573589086533e-02
1.468435022979974747e-02 1.466160826385021210e-02
1.460774429142475128e-02 1.499366294592618942e-02
1.481668930500745773e-02 1.486294809728860855e-02
1.469578128308057785e-02 1.468545477837324142e-02
1.457200665026903152e-02 1.462031155824661255e-02
1.458373479545116425e-02 1.465278770774602890e-02
1.455638464540243149e-02 1.461694389581680298e-02
1.455612573772668839e-02 1.458557415753602982e-02
1.450383290648460388e-02 1.456164382398128510e-02
1.455153804272413254e-02 1.466014422476291656e-02
1.452078577131032944e-02 1.454050559550523758e-02
1.451492682099342346e-02 1.465963199734687805e-02
1.448894850909709930e-02 1.454461924731731415e-02
1.450576633214950562e-02 1.500817760825157166e-02
1.463829074054956436e-02 1.457255426794290543e-02
1.451639924198389053e-02 1.457986794412136078e-02
1.446786988526582718e-02 1.451668981462717056e-02
1.443499978631734848e-02 1.450389344245195389e-02
1.449479069560766220e-02 1.453898474574089050e-02
1.445184648036956787e-02 1.454237289726734161e-02
1.445603463798761368e-02 1.449240464717149734e-02
1.444876473397016525e-02 1.450165174901485443e-02
1.443031243979930878e-02 1.452618464827537537e-02
1.448404043912887573e-02 1.455445215106010437e-02
1.445721928030252457e-02 1.451048720628023148e-02
1.444498728960752487e-02 1.450722757726907730e-02
1.442671380937099457e-02 1.450629718601703644e-02
1.446186844259500504e-02 1.449962612241506577e-02
1.440916210412979126e-02 1.453379821032285690e-02
1.446115877479314804e-02 1.448533777147531509e-02
1.440625451505184174e-02 1.465669181197881699e-02
1.445296313613653183e-02 1.450532488524913788e-02
1.440204866230487823e-02 1.446480397135019302e-02
1.440308056771755219e-02 1.449189614504575729e-02
1.442855410277843475e-02 1.447962224483489990e-02
1.437808293849229813e-02 1.452419161796569824e-02
1.443542912602424622e-02 1.446038018912076950e-02
1.439487002789974213e-02 1.452409103512763977e-02
1.441321521997451782e-02 1.445456966757774353e-02
1.438911072909832001e-02 1.444876659661531448e-02
1.442921999841928482e-02 1.459916867315769196e-02
1.441815868020057678e-02 1.446728222072124481e-02
1.438055746257305145e-02 1.455004140734672546e-02
1.438342593610286713e-02 1.445214916020631790e-02
1.439736410975456238e-02 1.443623378872871399e-02
1.436153892427682877e-02 1.453452371060848236e-02
1.437597256153821945e-02 1.447840593755245209e-02
1.437796652317047119e-02 1.448708958923816681e-02
1.435736846178770065e-02 1.449865568429231644e-02
1.437345426529645920e-02 1.447041053324937820e-02
1.440311037003993988e-02 1.453447341918945312e-02
1.437883172184228897e-02 1.444834191352128983e-02
1.434499491006135941e-02 1.446544751524925232e-02
1.434914488345384598e-02 1.446939352899789810e-02
1.436061318963766098e-02 1.442274451255798340e-02
1.431799679994583130e-02 1.450701430439949036e-02
1.438657101243734360e-02 1.448268350213766098e-02
1.436169818043708801e-02 1.442360598593950272e-02
1.436813548207283020e-02 1.441921293735504150e-02
1.434144470840692520e-02 1.441024616360664368e-02
1.435718499124050140e-02 1.446129661053419113e-02
1.431726198643445969e-02 1.444304641336202621e-02
1.435208134353160858e-02 1.444392744451761246e-02
1.431896816939115524e-02 1.445280853658914566e-02
1.435523666441440582e-02 1.443126425147056580e-02
1.433387491852045059e-02 1.453801430761814117e-02
1.437982916831970215e-02 1.447250694036483765e-02
1.439513266086578369e-02 1.446014083921909332e-02
1.432662270963191986e-02 1.442533545196056366e-02
1.434220001101493835e-02 1.442351844161748886e-02
1.432819664478302002e-02 1.442114822566509247e-02
1.432115398347377777e-02 1.443647872656583786e-02
1.430777646601200104e-02 1.442635431885719299e-02
1.433993969112634659e-02 1.442707609385251999e-02
1.430630590766668320e-02 1.443183235824108124e-02
1.431636698544025421e-02 1.441402453929185867e-02
1.431523263454437256e-02 1.441154628992080688e-02
1.430784072726964951e-02 1.449501235038042068e-02
1.431410200893878937e-02 1.440344844013452530e-02
1.428773626685142517e-02 1.441564597189426422e-02
1.432760059833526611e-02 1.452601142227649689e-02
1.433699112385511398e-02 1.439083088189363480e-02
1.432712469249963760e-02 1.447263825684785843e-02
1.431132946163415909e-02 1.442402042448520660e-02
1.432340871542692184e-02 1.437821425497531891e-02
1.429109834134578705e-02 1.440243516117334366e-02
1.432176399976015091e-02 1.441392395645380020e-02
1.433340553194284439e-02 1.452392712235450745e-02
1.433136314153671265e-02 1.441580336540937424e-02
1.430638134479522705e-02 1.444889232516288757e-02
1.429030485451221466e-02 1.439221110194921494e-02
1.429215166717767715e-02 1.446077786386013031e-02
1.430756971240043640e-02 1.440606079995632172e-02
1.427928544580936432e-02 1.438452210277318954e-02
1.430769730359315872e-02 1.440083421766757965e-02
1.429861225187778473e-02 1.436809170991182327e-02
1.426510233432054520e-02 1.438498217612504959e-02
1.432247087359428406e-02 1.438879873603582382e-02
1.430403999984264374e-02 1.441171113401651382e-02
1.428631972521543503e-02 1.441168785095214844e-02
1.427138969302177429e-02 1.441320776939392090e-02
1.430098433047533035e-02 1.443547755479812622e-02
1.428103260695934296e-02 1.442436967045068741e-02
1.428133528679609299e-02 1.436390075832605362e-02
1.425016578286886215e-02 1.441602781414985657e-02
1.429215352982282639e-02 1.438481546938419342e-02
1.426388882100582123e-02 1.443533692508935928e-02
1.426875777542591095e-02 1.439878344535827637e-02
1.428732182830572128e-02 1.443303748965263367e-02
1.425469666719436646e-02 1.436560042202472687e-02
1.429211627691984177e-02 1.438106596469879150e-02
1.425632648169994354e-02 1.436654943972826004e-02
1.425530761480331421e-02 1.437922008335590363e-02
1.425803545862436295e-02 1.436410471796989441e-02
1.424482651054859161e-02 1.448201481252908707e-02
1.429965347051620483e-02 1.438419893383979797e-02
1.425378210842609406e-02 1.441765576601028442e-02
1.425613556057214737e-02 1.438080519437789917e-02
1.427275035530328751e-02 1.434670109301805496e-02
1.425594836473464966e-02 1.437819097191095352e-02
1.422516722232103348e-02 1.434638258069753647e-02
1.426942367106676102e-02 1.437409501522779465e-02
1.423404738306999207e-02 1.435350999236106873e-02
1.427415665239095688e-02 1.440532132983207703e-02
1.426580641418695450e-02 1.440124958753585815e-02
1.425757538527250290e-02 1.438751164823770523e-02
1.422846689820289612e-02 1.439978275448083878e-02
1.424583606421947479e-02 1.435397099703550339e-02
1.421506702899932861e-02 1.437197439372539520e-02
1.427126582711935043e-02 1.439663674682378769e-02
1.424838136881589890e-02 1.439059246331453323e-02
1.422753557562828064e-02 1.436944492161273956e-02
1.424412243068218231e-02 1.439266465604305267e-02
1.422256976366043091e-02 1.440255437046289444e-02
1.423637568950653076e-02 1.434597000479698181e-02
1.422195695340633392e-02 1.449127309024333954e-02
1.431333925575017929e-02 1.442491356283426285e-02
1.424776297062635422e-02 1.437117625027894974e-02
1.422897540032863617e-02 1.436331868171691895e-02
1.423001103103160858e-02 1.434526778757572174e-02
1.424430403858423233e-02 1.438607368618249893e-02
1.422764360904693604e-02 1.439649891108274460e-02
1.425116322934627533e-02 1.435919199138879776e-02
1.424613595008850098e-02 1.439082529395818710e-02
1.429290696978569031e-02 1.439834665507078171e-02
1.430359575897455215e-02 1.439492683857679367e-02
1.425637118518352509e-02 1.435603108257055283e-02
1.425139419734477997e-02 1.434259675443172455e-02
1.422496791929006577e-02 1.439996529370546341e-02
1.426003966480493546e-02 1.438539288938045502e-02
1.423915289342403412e-02 1.437721680849790573e-02
1.422758866101503372e-02 1.438750512897968292e-02
1.424687728285789490e-02 1.434359420090913773e-02
1.423069089651107788e-02 1.441148668527603149e-02
1.424607355147600174e-02 1.437818631529808044e-02
1.425676420331001282e-02 1.438412722200155258e-02
1.421737205237150192e-02 1.434365659952163696e-02
1.422259584069252014e-02 1.435166131705045700e-02
1.421199459582567215e-02 1.435688417404890060e-02
1.421628519892692566e-02 1.439080014824867249e-02
1.422682031989097595e-02 1.437306031584739685e-02
1.423927396535873413e-02 1.435029972344636917e-02
1.421272847801446915e-02 1.434565894305706024e-02
1.438647974282503128e-02 1.434758584946393967e-02
1.422221865504980087e-02 1.433253753930330276e-02
1.424835063517093658e-02 1.435230020433664322e-02
1.421363838016986847e-02 1.435231231153011322e-02
1.421308796852827072e-02 1.434834394603967667e-02
1.421158667653799057e-02 1.433619204908609390e-02
1.418531779199838638e-02 1.433975808322429657e-02
1.423175912350416183e-02 1.433116663247346878e-02
1.419495139271020889e-02 1.436882279813289642e-02
1.424003858119249344e-02 1.435168646275997162e-02
1.419659331440925598e-02 1.433514244854450226e-02
1.420711539685726166e-02 1.437045913189649582e-02
1.418587658554315567e-02 1.432624273002147675e-02
1.418733317404985428e-02 1.443075668066740036e-02
1.421119458973407745e-02 1.431162655353546143e-02
1.417664531618356705e-02 1.433640066534280777e-02
1.420785579830408096e-02 1.436003297567367554e-02
1.418899651616811752e-02 1.438942085951566696e-02
1.418657042086124420e-02 1.433904655277729034e-02
1.418248936533927917e-02 1.438252720981836319e-02
1.419558282941579819e-02 1.434582564979791641e-02
1.420250162482261658e-02 1.432551629841327667e-02
1.416713651269674301e-02 1.432161126285791397e-02
1.420054305344820023e-02 1.436207443475723267e-02
1.420033816248178482e-02 1.434079557657241821e-02
1.419035438448190689e-02 1.433474384248256683e-02
1.418889593333005905e-02 1.432851981371641159e-02
1.420697849243879318e-02 1.435736846178770065e-02
1.417895685881376266e-02 1.431621331721544266e-02
1.421142928302288055e-02 1.432595588266849518e-02
1.419525127857923508e-02 1.433260459452867508e-02
1.417393703013658524e-02 1.431305147707462311e-02
1.420681923627853394e-02 1.430132053792476654e-02
1.417669188231229782e-02 1.431462913751602173e-02
1.415969524532556534e-02 1.435571257025003433e-02
1.418209541589021683e-02 1.430304069072008133e-02
1.416341587901115417e-02 1.436775829643011093e-02
1.419059466570615768e-02 1.432886905968189240e-02
1.417611353099346161e-02 1.430471055209636688e-02
